40 25
289 127 149 933 877 480 751 598 693 860 527 80 865 493 475 357 510 29 721 891 117 42 881 984 131 413w
677 749 849w 776
962 532 457 576 137 34 79 745 468 136
 920 456 116 321 637 71 151 917 366 454w 994 101 750 800 476 843 772 659 118 70w
 269 924 110 45 10 73 287 72 424 41 4 51
  254 676 169 348 670 104 84 187
 49 63 256 140 949 249 170 225 68 895 797 48 840 199 190 264 647 512 609 389 202 704 100 420 673 6 383 560 977 47 495
 600w 134 229 725 688 601 334 813 353
 158 809 803 397 743 939 112 145 218 540 120 945 703 993 98 639 568 61 410 333 159 434 181 722 790 914 32 125 241 156 291 767 912 356 122 587 596 846 684 638
 46 658 82 285 270 795 435 893 780 566 882 643 539 14 610 909 652 816 108 400 262 479 439w 485 764 732 343 856 657 323
 194 392 165 752 499 839 701 726 376 763
 742 992 39 184 828 192 798 85 812 428 854 111 969 848 960 785 96 144 819 132 715 927 820 154 552 577 746 103 451 921 802 857 203 694 283 324 346 152 934 1000
 481 330 430 490 200 215 284 78 500 831 109 844 551 718 319 466 238 538 572 488 747 5 787 869 337 640 884 301 940 761 369 318 838 273 8 582 501 963 952 113
 991 290 373 35 135 773 850 387 195 211 403 735 550 44
 504 951 804 326 431 282 391 217 871 885 153 50 305 157 56 968 897 603 570 771
 671 447 246 498 193 206
 502 515 60 604 923 675 875 590 579 624 629 505 664 822 758 821 423 883 105 613 531 864 520 66 667 33 317 469 737 756 583 584 166 328 237 492 744 646 665 918
 759 672 615 556 197 139 666 293 633 419 537 529 247 106w 873 294 654 674 690 651 23 355 368 455 54 65 69 99 226 599 887
 507 128 255 209 595 777 497 965 727
 433 372 748 612 302 280 644 19 314 896 958 741 315 236 999 559 989 281 491 332 967 947 222 339 702 1 663 408 810 322 935 311 916 946 374 308 26 907 634 399
 327 27 90 91 331 188 541 393 910 296 889 709 778 544 121 115 9 575 75 792 496 847 83 653 472 650 707w 655 416 312 845
 359 685 930 478 36 102 932 926 662
 956 760 473 782 89 733 240 432 561 401 908 730 470 555 349 543 503 835 418 162 554 779 329 415 852 378 692 719 178 630 449 605 533 622 521 740 832 126 913 320
 862 223 706 683 681 335 250 757 766 185 784 966 224 214 380 172 755 836 477 526 997 350 768w 985 632 385 467 358 536
 922 138 880 592 833 824 900 731 791 242 547
 341w 944 176 465 853 462 271 911 427 680 253 344 88 258 300 530 150 67 936 611 841 160 535 970 573 901 53 180 679 578
 422 292 738 678 863 244 698
 266
 278
 29w
 591 458 890 649 660 861 705 564 623 396 130 562 620 406 589 58 221 710 381 471 276 619 167 395 597 17w 837 668 426 81
 585 696 581 446 38 248 574 523 18 855
 978
 235 546 338
 801 769 93 22 808w 516 641 549 522 123 450 411 183 955 175 232 228 124 227 834 459 711 25 267 377 553
 971 375 724 506 147 937 437 62 713 354
 817 708 133 959 304 858 805 207 786 903 586 252 487 814 775 212 987 21 94 460 961 342 811 789 384 146 309 957 440 231 774 12 723 988 196 762 788 729 268 602
 204 198 141 295 11 494 799 298 818 689 948 528 682 938 445 407 736 52 621 107 974 129 386 70 514 898 345 905 826 894 868 404 394 625 874 525 982 796 770 352
 519 164 443 414 297 687 388 728 213 691 186 976 899 950 436 364 421 92 973 171 517 259 981 699 524 219 316 367 867 7 351 558 402 261 851 567 986 484 656 336
 902 37 866 464 76 614w 720 371 245 233 765 409 739 417 179 208 827 648 509 347 119 545 878 274 518 16 627w 201 97 306
 870 265 452 825 542 915 307 313 608 64
 925 382 508 876 453 980 823 87 489 260 617 661 365 975 712 340 886 964 168 361 645 288 216 379 412 628 362 793 919 74 990 941 716 325 28 279 438 669 442 15
 220 942 20 210 807 557 753 697 626 303w 143 272 161 182 511 859 794 277 931 754 635 888 191 879 173 642 177 142 390 43
 996 616 830 230 563 257 461 588 448 30
 360 571 995 13 631 607 474 954 979 31 714 943 398 24 565 405 783 95 486 251 781 441 513 429 189 40 606 57 906 275 717 734 998 286 2 806 77 86 593 363
 425w 872W 842 299 55 263 444 483 904 686 3 482 928 243 594 174 815 148 618 695 370 548 234 534 953 463 892 59 310 580
 569 239 636 983 114 205 163 155 972 929